# id	left	top	right	bottom	texture_id
[SPRITES]
##SPRITE NULL
2	40	32	56	48	40
11700	3	3	234	30	140
11701	1124	462	1500	510	70
#POWER
11702	3	33	10	40	140
11703	12	33	25	40	140	
11704	104	10	117	17	140
#FONT 0-9
11710	33	31	40	40	140
11711	43	31	50	40	140
11712	53	31	60	40	140
11713	63	31	70	40	140
11714	73	31	80	40	140
11715	83	31	90	40	140
11716	93	31	100	40	140
11717	103	31	110	40	140
11718	113	31	120	40	140
11719	123	31	130	40	140
#M SYMBOL
11705	8	43	23	48	140

#CARD 
11706	187	33	210	60	140
11707	211	33	234	60	140
11708	235	33	258	60	140

#SPRITE NULL
11709	65	14	75	22	180

#SPRITE GAME OVER
11720	5	6	132	69	180
#ARROW
11721	45	46	50	53	180


#DIALOGS
11722	133	0	260	55	190
[ANIMATIONS]
30000	11700	100
30001	11701	100
30002	11702	100
30003	11703	100	11704	100
30005	11705	100
#FONT 0-9
30010	11710	100
30011	11711	100
30012	11712	100
30013	11713	100
30014	11714	100
30015	11715	100
30016	11716	100
30017	11717	100
30018	11718	100
30019	11719	100

#CARD
30021	11706	100
30022	11707	100
30023	11708	100


30031	11706	600	2	300
30032	11707	600	2	300
30033	11708	600	2	300
#GAME_OVER
30025	11720	100
#NULL
30026	11709	100
#ARROW
30027	11721	100

#HUD_SUB
30028	11722	100
